22103047
5
5
2023
854359348
maruti800
grey
250000
12300
295200
45000
12500
307500
mehul BANSAL
dsjfhdsk
22103048
5
5
2023
854359348
maruti800
grey
250000
12300
295200
45000
12500
307500
mehul bansal
dsjfhdsk
48286
19
11
2023
8266076524
brezza
Dark_blue
450000
22140
531360
81000
22500
553500
saksham
fbsvb@gmail.com
27766
12
5
2023
1234
defender
White
10000000
1599000
10701000
1800000
500000
12300000
Rishika
skhxoekw
42944
6
5
2023
3456
xuv300
black
1000000
86100
1143900
180000
50000
1230000
aryan sharma
ghyjbgt
14460
23
11
2023
8789950364
sport
Grey
15000000
2398500
16051500
2700000
750000
18450000
MEHUL
mehulrocks@gmail.com
69214
4
3
2023
4657
maruti800
grey
250000
12300
295200
45000
12500
307500
FGDH
BGF
48119
12
12
2023
9319132675
velar
blue
9000000
1439100
9630900
1620000
450000
11070000
Ashu Tandon
ashu@gmail.com
47117
5
5
2023
7976921890
maruti800
grey
250000
12300
295200
45000
12500
307500
maju
mznubansal2gmail.copm
71152
4
6
2023
9413264995
sport
Grey
15000000
2398500
16051500
2700000
750000
18450000
mukesh bs\ansal
mukesh@gmail.com
75859
4
6
2023
757858
wagonr
Silver
450000
22140
531360
81000
22500
553500
hjtjtk
gjgktuku
